NAME : single
TYPE : ATSP
DIMENSION : 130
EDGE_WEIGHT_TYPE : EXPLICIT
EDGE_WEIGHT_FORMAT : FULL_MATRIX
EDGE_WEIGHT_SECTION
0 2309 2274 2139 2549 2598 2269 2504 2712 2492 2784 2451 2215 2381 2292 2336 2336 2251 2459 2615 2015 1875 2199 2374 1838 1934 1834 1906 1792 1906 1211 1349 1339 1309 1575 1600 1568 1601 1702 1608 1890 1729 1701 1761 1721 1609 1878 1624 1922 1911 1691 1814 1604 1701 1541 894 1171 1452 1104 1245 1032 681 1090 1621 1579 1417 1875 1281 1557 1752 1609 1463 1540 1289 1479 1503 1276 1513 1389 1430 1344 1951 2029 1536 1907 1853 2021 1706 1524 1850 1662 918 675 461 471 1489 606 975 1383 685 697 867 541 398 329 426 471 476 441 223 350 509 372 358 611 714 756 814 729 771 713 695 668 753 553 851 788 753 881 747 
0 0 113 196 497 315 172 531 514 369 427 444 290 202 404 401 497 480 353 327 385 325 55 117 444 331 358 593 801 888 2456 2384 2364 2564 2493 2379 66666 66666 1820 1922 66666 2015 66666 938 809 1102 1556 1316 1189 1185 1502 1521 1319 1541 1497 66666 2046 2399 1908 2661 2680 2479 2317 1795 1598 1776 1831 1355 1209 1356 1490 1312 1288 66666 66666 66666 66666 66666 812 66666 66666 376 173 641 628 557 453 699 1203 468 769 2372 66666 2007 66666 2488 2223 66666 1795 66666 2097 66666 66666 2045 1729 1951 66666 66666 66666 66666 66666 66666 66666 66666 66666 66666 66666 66666 66666 66666 66666 66666 66666 66666 66666 66666 66666 1650 66666 66666 
0 113 0 202 493 322 181 530 519 372 441 446 283 173 387 387 480 464 353 344 373 315 162 185 428 316 332 566 772 860 2370 2272 2338 2247 2413 2240 66666 66666 66666 66666 66666 66666 66666 914 782 1073 1434 1269 1160 1156 1496 1384 1269 1476 1452 66666 1936 2312 1874 2399 2415 2191 2047 1692 1500 1768 1733 1293 1157 1334 1445 1148 1229 66666 66666 66666 66666 66666 783 66666 66666 368 175 497 612 544 419 648 1091 459 757 2009 1609 1851 2113 2326 1932 2213 1735 66666 1839 1368 1654 1915 1687 1807 66666 66666 66666 66666 66666 66666 66666 66666 66666 66666 66666 66666 66666 66666 66666 66666 66666 66666 66666 66666 66666 1783 66666 66666 
0 196 202 0 379 243 88 388 385 266 336 308 139 163 280 278 366 325 160 183 252 239 177 138 328 229 295 551 748 844 2354 2268 2247 2316 2404 2240 66666 66666 66666 66666 66666 66666 66666 894 769 1010 1469 1103 1153 1144 1381 1383 1109 1210 1479 66666 1977 2388 1940 2398 2415 2267 2046 1679 1354 1679 1756 1340 1139 1299 1432 1121 1186 66666 66666 66666 66666 66666 816 66666 66666 266 128 494 565 502 470 642 1098 406 739 2010 1646 1886 2122 2355 1918 2209 1788 66666 1818 1382 1750 1967 1738 1842 66666 66666 66666 66666 66666 66666 66666 66666 66666 66666 66666 66666 66666 66666 66666 66666 66666 66666 66666 1569 66666 1655 66666 66666 
0 497 493 379 0 221 346 255 299 156 237 99 259 372 212 164 297 289 359 386 500 554 501 476 554 501 517 769 951 1056 2410 2868 2847 2842 2975 2834 66666 66666 66666 66666 66666 66666 66666 1155 965 1312 1532 1321 1390 1373 1724 1459 1331 1759 1577 66666 2275 2660 2195 2667 2939 2594 1968 1866 1691 2024 1847 1664 1216 1537 1665 1589 1613 66666 66666 66666 66666 66666 1163 66666 66666 669 468 808 829 796 689 1059 1453 717 1150 2457 2007 2230 2469 2749 2045 2315 2090 66666 2218 1768 2125 2450 2069 66666 66666 66666 66666 66666 66666 66666 66666 66666 66666 66666 66666 66666 66666 66666 66666 66666 66666 66666 66666 1990 66666 2181 66666 66666 
0 315 322 243 221 0 178 255 299 156 216 168 201 177 275 232 337 373 313 185 459 472 335 288 530 441 476 747 930 1032 2700 2608 2590 2647 2756 2612 66666 66666 66666 66666 66666 66666 66666 1099 962 1181 1451 1311 1341 1332 1426 1520 1318 1657 1552 66666 2154 2542 2096 2697 2685 2597 2333 1873 1556 1850 1817 1560 1329 1534 1638 1416 1410 66666 66666 66666 66666 66666 66666 66666 66666 495 345 718 790 735 638 864 1339 643 1012 2245 1921 2136 2375 2503 2151 2443 1971 66666 2095 1658 1945 2299 1961 2082 66666 66666 66666 66666 66666 66666 66666 66666 66666 66666 66666 66666 66666 66666 66666 66666 66666 66666 66666 66666 66666 1912 66666 66666 
0 172 181 88 346 178 0 366 352 216 284 280 143 74 279 265 366 352 235 185 325 312 175 199 398 295 343 609 806 902 2374 2315 2282 2320 2408 2232 66666 66666 66666 66666 66666 66666 66666 958 828 1065 1320 1166 1212 1203 1460 1454 1172 1510 1505 66666 2041 2446 1939 2503 2503 2466 2150 1722 1409 1726 1814 1372 1159 1383 1512 1243 1298 66666 66666 66666 66666 66666 902 66666 66666 393 189 550 637 574 505 709 1158 479 791 2078 1722 1929 2229 2410 1996 2305 1819 66666 66666 1456 1806 2039 1784 1889 66666 66666 66666 66666 66666 66666 66666 66666 66666 66666 66666 66666 66666 66666 66666 66666 66666 66666 66666 1572 66666 1674 66666 66666 
0 531 530 388 255 255 366 0 91 187 238 168 275 395 242 232 227 285 340 408 494 556 531 492 681 506 535 782 985 1090 2942 2864 2846 2839 2989 66666 66666 66666 66666 66666 66666 66666 66666 1170 1013 1299 1590 1386 1439 1417 1694 1520 1393 1762 1592 66666 2361 2706 2239 2662 2778 2651 2438 1876 1754 2019 1863 1707 1562 1548 1670 1646 1620 66666 66666 66666 66666 66666 1225 66666 66666 654 486 823 988 793 722 1037 1481 876 1179 2488 2039 2268 2527 2762 2345 2661 2134 66666 2230 1778 2243 2281 66666 2227 66666 66666 66666 66666 66666 66666 66666 66666 66666 66666 66666 66666 66666 66666 66666 66666 66666 66666 66666 2031 66666 2202 66666 66666 
0 514 519 385 299 299 352 91 0 150 158 212 295 368 300 252 305 357 407 369 531 581 523 469 595 539 577 834 1045 1150 2453 2917 2902 2908 3031 2888 66666 66666 66666 66666 66666 66666 66666 1171 1035 1316 1646 1386 1488 1478 1583 1577 1395 1657 1648 66666 2356 2817 2044 2691 2783 2604 2417 1926 1739 1937 1917 1734 1258 1524 1657 1524 1544 66666 66666 66666 66666 66666 1246 66666 66666 666 496 852 953 829 764 1091 1444 842 1181 2350 1984 2308 66666 66666 2293 66666 66666 66666 2162 1743 2173 2308 66666 2252 66666 66666 66666 66666 66666 66666 66666 66666 66666 66666 66666 66666 66666 66666 66666 66666 66666 66666 66666 66666 66666 66666 66666 66666 
0 369 372 266 156 156 216 187 150 0 133 243 188 231 233 185 282 326 298 258 451 481 381 339 519 442 475 743 917 1021 2684 2643 2696 2647 2711 2551 66666 66666 66666 66666 66666 66666 66666 1090 953 1196 1439 1305 1329 1405 1567 1517 1313 1426 1553 66666 2189 2601 2121 2214 2656 2599 2271 1901 1557 1854 1821 1581 1333 1498 1608 1179 1267 66666 66666 66666 66666 66666 1137 66666 66666 595 370 737 788 740 647 921 1388 650 1084 66666 1885 2153 2449 2563 2195 2490 2017 66666 2001 1693 2039 2222 1998 2105 66666 66666 66666 66666 66666 66666 66666 66666 66666 66666 66666 66666 66666 66666 66666 66666 66666 66666 66666 1826 66666 1918 66666 66666 
0 427 441 336 237 216 284 238 158 133 0 296 299 277 363 315 403 440 442 241 544 566 449 375 618 538 587 855 1034 1137 2854 2748 2726 2708 2909 2751 66666 66666 66666 66666 66666 66666 66666 1199 1068 1309 1556 1415 1446 1435 1682 1647 1422 1751 1665 66666 2334 2685 2240 2777 2795 2630 2395 2011 1670 1981 1931 1689 1456 1604 1733 1572 1536 66666 66666 66666 66666 66666 1213 66666 66666 667 454 828 882 826 763 995 1463 877 1112 2371 2105 2246 2564 2627 2308 2594 2113 66666 2200 1781 2192 2334 66666 66666 66666 66666 66666 66666 66666 66666 66666 66666 66666 66666 66666 66666 66666 66666 66666 66666 66666 66666 66666 2051 66666 2016 66666 66666 
0 444 446 308 99 168 280 168 212 243 296 0 206 305 263 198 236 280 287 262 447 496 448 404 511 452 487 745 957 1011 2366 66666 2833 2842 2935 2753 66666 66666 66666 66666 66666 66666 66666 1082 948 1197 1561 1300 1410 1389 1571 1489 1309 1421 1559 66666 1968 2779 1956 2648 2651 2540 2309 1838 1638 1866 1828 1631 1173 1473 1582 1489 1455 66666 66666 66666 66666 66666 1170 66666 66666 561 412 764 786 745 673 989 1400 777 1041 2281 1900 2205 2409 2656 2187 2481 2066 66666 2011 1701 2037 2237 2048 66666 66666 66666 66666 66666 66666 66666 66666 66666 66666 66666 66666 66666 66666 66666 66666 66666 66666 66666 66666 1825 66666 1916 66666 66666 
0 290 283 139 259 201 143 275 295 188 299 206 0 196 180 140 298 222 230 194 267 300 274 265 333 286 290 557 736 838 2162 2416 2397 2392 2539 2378 66666 66666 66666 66666 66666 66666 66666 904 769 997 1257 1118 1148 1137 1416 1310 1126 1238 1369 66666 1762 2475 1750 2410 2503 2344 2079 1715 1373 1717 1636 1391 1153 1266 1399 1222 1079 66666 66666 66666 66666 66666 917 66666 66666 396 212 558 600 554 479 738 1161 469 852 2052 1700 1971 2289 2381 2008 2059 1822 66666 1885 1474 1920 1989 1857 1934 66666 66666 66666 66666 66666 66666 66666 66666 66666 66666 66666 66666 66666 66666 66666 66666 66666 66666 66666 66666 66666 1852 66666 66666 
0 202 173 163 372 177 74 395 368 231 277 305 196 0 327 308 413 406 290 260 375 352 250 273 448 342 390 652 852 947 2424 2326 2306 2299 2463 2289 66666 66666 66666 66666 66666 66666 66666 1001 872 1108 1550 1206 1256 1248 1546 1436 1212 1508 1555 66666 2054 2462 1985 2449 2451 2241 2074 1751 1656 1778 1889 1409 1233 1403 1534 1210 1277 66666 66666 66666 66666 66666 869 66666 66666 386 263 583 678 611 539 760 1172 515 822 2093 1673 1939 2153 2501 1976 2302 1838 66666 1858 1431 1771 1976 1786 1893 66666 66666 66666 66666 66666 66666 66666 66666 66666 66666 66666 66666 66666 66666 66666 66666 66666 66666 66666 1556 66666 1790 66666 66666 
0 404 387 280 212 275 279 242 300 233 363 263 180 327 0 64 120 196 245 312 324 382 387 403 364 319 314 558 744 839 66666 2677 2656 2651 2774 2650 66666 66666 66666 66666 66666 66666 66666 897 755 1062 1349 1111 1165 1164 1533 1253 1122 1456 1365 66666 2129 2509 1970 2408 2535 2370 2166 1655 1464 1539 1635 1307 1015 1349 1471 1368 1104 66666 66666 66666 66666 66666 1045 66666 66666 390 320 615 633 606 485 683 1238 537 943 2135 1638 1950 2313 2477 1863 2380 1847 66666 1741 1408 2000 2097 1958 1915 66666 66666 66666 66666 66666 66666 66666 66666 66666 66666 66666 66666 66666 66666 66666 66666 66666 66666 66666 1895 66666 1986 66666 66666 
0 401 387 278 164 232 265 232 252 185 315 198 140 308 64 0 184 260 256 297 358 411 390 395 405 352 355 607 802 897 2719 2616 2593 2628 2748 2609 66666 66666 66666 66666 66666 66666 66666 947 805 1125 1365 1162 1221 1221 1563 1311 1172 1559 1414 66666 2100 2458 2008 2495 2606 2479 1812 1703 1528 1855 1684 1469 1059 1372 1494 1479 1151 66666 66666 66666 66666 66666 1057 66666 66666 421 335 652 676 646 526 817 1332 572 1048 2225 1668 1981 2314 2500 1897 2496 1898 66666 1772 1439 2065 2111 1940 2026 66666 66666 66666 66666 66666 66666 66666 66666 66666 66666 66666 66666 66666 66666 66666 66666 66666 66666 66666 1884 66666 2087 66666 66666 
0 497 480 366 297 337 366 227 305 282 403 236 298 413 120 184 0 119 303 374 378 451 479 492 409 385 375 595 806 912 2809 2747 66666 2721 2876 2697 66666 66666 66666 66666 66666 66666 66666 999 833 1137 1438 1252 1258 1238 1493 1324 1217 1544 1550 66666 2146 2494 2069 2642 2636 2497 2299 1823 1527 1795 1848 1351 1351 1384 1515 1376 1415 66666 66666 66666 66666 66666 66666 66666 66666 451 408 681 673 657 541 752 1299 595 816 2188 1708 2021 2288 2445 2130 2440 2028 66666 1810 1478 1703 2230 1850 1988 66666 66666 66666 66666 66666 66666 66666 66666 66666 66666 66666 66666 66666 66666 66666 66666 66666 66666 66666 66666 66666 1992 66666 66666 
0 480 464 325 289 373 352 285 357 326 440 280 222 406 196 260 119 0 225 360 276 362 452 462 353 296 301 511 741 848 2647 2628 2605 2584 2734 2577 66666 66666 66666 66666 66666 66666 66666 904 782 1032 1379 1084 1193 1181 1340 1267 1115 1510 1491 66666 2050 2472 2014 2580 2590 2405 2179 1779 1488 1750 1775 1269 1244 1239 1370 1275 1326 66666 66666 66666 66666 66666 66666 66666 66666 351 356 599 743 679 490 692 1244 589 715 2131 1619 1939 2094 2399 2078 2384 1908 66666 1721 1388 1620 2111 1774 1906 66666 66666 66666 66666 1796 66666 66666 1961 66666 66666 66666 66666 66666 66666 66666 66666 66666 66666 66666 66666 66666 1880 66666 66666 
0 353 353 160 359 313 235 340 407 298 442 287 230 290 245 256 303 225 0 215 213 235 324 291 256 204 285 520 695 794 2512 2447 2535 2475 2588 2404 66666 66666 66666 66666 66666 66666 66666 843 726 927 1210 1061 1102 1089 1248 1310 1067 1302 1326 66666 1993 2427 1909 2222 2333 2157 1942 1683 1333 1535 1592 1381 1014 1127 1260 1123 1092 66666 66666 66666 66666 66666 956 66666 66666 269 227 520 545 525 497 633 1038 434 759 1948 1574 1942 2136 2336 1870 2160 1787 66666 1757 1336 1770 1940 66666 1896 1865 66666 66666 66666 66666 66666 66666 66666 66666 66666 66666 66666 66666 66666 66666 66666 66666 66666 66666 1574 66666 1661 66666 66666 
0 327 344 183 386 185 185 408 369 258 241 262 194 260 312 297 374 360 215 0 384 401 333 245 463 384 453 712 897 997 2560 2463 2457 2446 2589 2441 66666 66666 66666 66666 66666 66666 66666 1048 926 1143 1415 1263 1307 1295 1549 1532 1268 1585 1516 66666 2251 2687 2097 2536 2516 2407 2159 1878 1524 1830 1878 1559 1228 1405 1533 1291 1304 66666 66666 66666 66666 66666 1030 66666 66666 464 311 672 797 716 644 860 1243 635 930 2136 1779 2093 2355 2609 2092 2331 1957 66666 1978 1536 1885 2037 66666 2051 66666 66666 66666 66666 66666 66666 66666 66666 66666 66666 66666 66666 66666 66666 66666 66666 66666 66666 66666 1631 66666 1770 66666 66666 
0 385 373 252 500 459 325 494 531 451 544 447 267 375 324 358 378 276 213 384 0 105 336 356 81 297 237 344 523 619 2331 2282 2309 2286 2393 2246 66666 66666 66666 66666 66666 66666 66666 665 549 747 1034 881 927 915 1137 1122 887 1149 1144 66666 1791 2226 1716 2094 2097 2022 1799 1491 1152 1438 1410 1187 819 998 1107 971 921 66666 1115 66666 66666 66666 811 66666 716 293 213 361 375 299 359 490 891 292 608 1771 1351 1678 1969 2148 1576 1970 1618 1649 1520 1119 1351 1730 1512 1645 1413 2011 2014 2033 1536 66666 66666 66666 66666 66666 66666 66666 2223 66666 66666 66666 66666 1184 1436 1333 1561 1424 1552 1643 
0 325 315 239 554 472 312 556 581 481 566 496 300 352 382 411 451 362 235 401 105 0 273 305 143 284 219 339 539 627 1874 2030 2008 2026 2166 1967 66666 66666 66666 66666 66666 66666 66666 664 551 703 1262 872 933 923 1145 1107 876 1193 1120 66666 1484 2191 1470 2088 2116 1844 1808 1471 1244 1463 1471 1127 849 1019 1130 839 974 66666 956 66666 66666 66666 685 66666 559 288 185 286 327 263 325 413 798 171 510 1818 1269 1594 1767 2220 1499 1767 1598 1558 1372 1038 1442 1674 1419 1559 1496 1854 1819 1839 66666 66666 1878 66666 66666 66666 66666 1657 2007 1376 1334 1506 66666 1085 66666 1213 1453 1394 1472 1695 
0 55 162 177 501 335 175 531 523 381 449 448 274 250 387 390 479 452 324 333 336 273 0 126 393 280 307 539 747 834 2291 2345 2322 2185 2315 2160 66666 66666 66666 66666 66666 66666 66666 884 756 1057 1405 1222 1136 1131 1428 1339 1233 1516 1437 66666 1978 2399 1840 2260 2343 2174 2023 1611 1537 1727 1768 1288 1087 1353 1457 1056 1206 66666 66666 66666 66666 66666 66666 66666 66666 325 124 477 573 503 406 675 1097 415 702 1937 1622 1830 2004 2378 1864 2220 1750 66666 1729 1356 1584 1924 1637 1935 66666 66666 66666 66666 66666 66666 66666 66666 66666 66666 66666 66666 66666 66666 66666 66666 66666 66666 66666 66666 66666 66666 66666 66666 
0 117 185 138 476 288 199 492 469 339 375 404 265 273 403 395 492 462 291 245 356 305 126 0 427 319 379 619 826 915 2500 2430 2398 2627 2526 2406 66666 66666 1878 1980 66666 2073 66666 957 837 1122 1592 1156 1220 1213 1516 1507 1160 1519 1568 66666 2098 2526 2088 2645 2662 2548 2311 1834 1651 1812 1883 1451 1217 1373 1506 1372 1278 66666 66666 66666 66666 66666 856 66666 66666 344 176 658 624 549 515 769 1329 450 815 2340 1933 2014 2370 2480 2266 66666 66666 66666 66666 1695 66666 2212 1797 1969 66666 66666 66666 66666 66666 66666 66666 66666 66666 66666 66666 66666 66666 66666 66666 66666 66666 66666 66666 66666 66666 66666 66666 66666 
0 444 428 328 554 530 398 681 595 519 618 511 333 448 364 405 409 353 256 463 81 143 393 427 0 263 271 273 444 539 2299 2242 2226 2193 2353 2171 66666 66666 66666 66666 66666 66666 66666 587 472 658 955 804 848 835 1006 1022 811 1017 1072 66666 1671 2077 1655 1942 2130 1906 1825 1439 1079 1299 1338 999 805 873 983 957 910 66666 1004 66666 66666 66666 66666 66666 572 259 271 329 293 251 324 463 806 256 413 1741 1324 1712 1896 2168 1668 1974 1549 1567 1578 1094 1471 1831 1497 1682 1405 1975 1637 1893 1529 1712 1617 1694 66666 2087 2093 66666 2229 1558 1184 1690 66666 1174 1429 1244 1487 1354 1469 1749 
0 331 316 229 501 441 295 506 539 442 538 452 286 342 319 352 385 296 204 384 297 284 280 319 263 0 109 331 525 619 2261 2194 2177 2168 2320 2174 66666 66666 66666 66666 66666 66666 66666 668 546 723 1189 881 929 919 1126 1106 886 1140 1133 66666 1719 2092 1510 2151 2324 1921 1827 1455 1141 1420 1398 1144 881 1004 1101 923 825 66666 1107 66666 66666 66666 720 66666 655 88 158 323 348 300 309 438 852 220 588 1862 1328 1650 1905 2177 1555 2022 1583 1745 1431 1097 1324 1767 1479 1616 1384 2084 2024 1995 1501 66666 1587 1665 2361 66666 66666 66666 2090 66666 1148 66666 66666 66666 1394 1424 1550 1170 1661 1938 
0 358 332 295 517 476 343 535 577 475 587 487 290 390 314 355 375 301 285 453 237 219 307 379 271 109 0 271 463 560 2285 2280 2260 2178 2332 2169 66666 66666 66666 66666 66666 66666 66666 626 487 741 978 835 870 861 1089 1018 843 961 1079 1315 1750 2081 1636 2171 2151 2125 1803 1408 1083 1376 1346 1089 712 996 1128 919 805 917 1128 66666 921 66666 688 66666 628 184 203 306 348 318 215 391 860 269 517 1538 1337 1648 1935 2031 1556 2005 1539 1639 1439 1110 1344 1830 1486 1615 1404 2148 1631 2047 1514 1695 1602 1679 2350 2025 2044 1739 2096 1390 1165 1623 66666 66666 66666 1114 1604 1196 1226 1692 
0 593 566 551 769 747 609 782 834 743 855 745 557 652 558 607 595 511 520 712 344 339 539 619 273 331 271 0 211 296 2131 2011 1990 2002 2158 1998 66666 66666 66666 66666 66666 66666 66666 358 219 449 807 564 603 596 767 733 572 698 814 1153 1396 1801 1391 1716 1896 1724 1570 1096 853 983 1083 759 481 624 745 547 698 723 908 897 731 854 542 779 579 339 448 242 189 230 216 363 553 286 357 1577 1195 1496 1818 1855 1388 1751 1268 1491 1291 976 1400 1789 1493 1469 1474 1799 1783 1796 1580 1828 1701 1772 2018 1663 1679 1394 1880 1239 1218 1350 1771 1224 1532 1173 1365 1316 1340 1415 
0 801 772 748 951 930 806 985 1045 917 1034 957 736 852 744 802 806 741 695 897 523 539 747 826 444 525 463 211 0 106 2015 1987 1970 1976 2091 1931 66666 66666 66666 66666 66666 66666 66666 210 134 331 522 410 412 401 520 543 425 685 679 1218 1419 1703 1218 1678 1793 1755 1452 979 677 1022 949 692 556 482 620 705 486 974 1073 1093 970 1089 755 1052 831 527 654 543 302 383 391 589 623 458 494 1326 1374 1633 1994 1739 1540 1694 1278 1563 1538 1032 1327 1785 1446 1499 1406 1790 1640 1906 1521 1725 1614 1680 2008 1624 1643 1419 1832 1253 1225 1351 1714 1260 1416 1152 1311 1214 1293 1336 
0 888 860 844 1056 1032 902 1090 1150 1021 1137 1011 838 947 839 897 912 848 794 997 619 627 834 915 539 619 560 296 106 0 1860 1835 1810 1827 1967 1774 66666 66666 66666 66666 66666 66666 66666 126 110 265 419 305 310 301 419 464 321 529 576 1257 1286 1608 1136 1514 1625 1674 1399 876 573 902 845 608 397 359 449 632 412 1013 1128 1136 1011 1108 794 1049 869 615 745 581 357 441 469 671 505 528 455 1254 1326 1580 1499 1616 1478 1511 1118 1490 1491 1108 1454 1734 1409 1565 1508 1741 1761 1820 1493 1700 1587 1650 1890 1613 1633 1479 1746 1249 1215 1344 1676 1246 1392 1139 1302 1384 1283 1328 
0 2456 2370 2354 2410 2700 2374 2942 2453 2684 2854 2366 2162 2424 66666 2719 2809 2647 2512 2560 2331 1874 2291 2500 2299 2261 2285 2131 2015 1860 0 249 267 247 381 597 868 908 815 1061 1270 1049 1287 1543 1542 1482 1394 1301 1409 1420 1426 1404 1313 1480 1212 66666 442 274 435 252 230 558 482 824 1218 950 846 934 1391 1378 1424 1470 1303 1542 1720 1659 1589 1675 1715 1676 1610 2239 2246 1604 1886 1915 1979 1564 1452 1927 1805 511 896 676 853 324 677 339 638 1393 839 1015 1160 900 1061 773 1198 1344 1210 1146 1223 1299 1242 1179 1371 1482 1532 1604 1636 1450 1360 1443 1459 1262 1263 1331 1409 1263 1401 1420 
0 2384 2272 2268 2868 2608 2315 2864 2917 2643 2748 66666 2416 2326 2677 2616 2747 2628 2447 2463 2282 2030 2345 2430 2242 2194 2280 2011 1987 1835 249 0 68 49 166 376 661 699 600 790 1051 835 1011 1454 1537 1380 1127 1214 1252 1263 1246 1165 1197 1379 1033 1605 398 240 421 205 319 644 499 596 1018 671 644 827 1148 1258 1022 1417 1241 1643 1792 1776 1672 1770 1639 1755 1648 2115 1917 1543 1535 1873 1936 1509 1410 1943 1649 704 1032 813 941 233 717 498 437 1572 972 1184 1287 1061 1080 902 1344 1522 1343 1276 1236 1385 1333 1275 1553 1710 1692 1751 1817 1576 1474 1566 1637 1228 1406 1472 1542 1429 1538 1563 
0 2364 2338 2247 2847 2590 2282 2846 2902 2696 2726 2833 2397 2306 2656 2593 66666 2605 2535 2457 2309 2008 2322 2398 2226 2177 2260 1990 1970 1810 267 68 0 97 180 349 634 672 573 762 992 809 982 1409 1395 1388 1098 1250 1271 1261 1197 1174 1255 1407 1029 1591 379 290 403 206 322 643 486 549 1056 644 616 900 1294 1247 994 1293 1190 1618 1767 1761 1635 1754 1613 1723 1580 2107 1892 1518 1883 1764 1979 1483 1246 1809 1551 634 1027 812 940 164 713 506 410 1519 941 1126 1249 1065 1200 889 1306 1528 1328 1312 1357 1426 1316 1273 1556 1598 1633 1694 1807 1518 1416 1509 1636 1214 1391 1464 1506 1395 1556 1529 
0 2564 2247 2316 2842 2647 2320 2839 2908 2647 2708 2842 2392 2299 2651 2628 2721 2584 2475 2446 2286 2026 2185 2627 2193 2168 2178 2002 1976 1827 247 49 97 0 196 361 643 682 583 769 1019 819 1054 1416 1512 1338 1137 1172 1226 1237 1264 1160 1152 1432 1008 1557 379 211 397 189 280 610 455 576 997 638 633 799 1111 1204 991 1333 1202 1608 1745 1766 1678 1766 1630 1751 1586 2028 1883 1509 1794 1726 1911 1478 1298 1804 1573 663 1024 786 909 262 681 471 415 1551 928 1104 1290 965 1177 894 1298 1442 1299 1195 1368 1400 1328 1303 1553 1665 1649 1716 1728 1571 1469 1554 1544 1365 1336 1435 1490 1382 1488 1507 
0 2493 2413 2404 2975 2756 2408 2989 3031 2711 2909 2935 2539 2463 2774 2748 2876 2734 2588 2589 2393 2166 2315 2526 2353 2320 2332 2158 2091 1967 381 166 180 196 0 414 701 728 631 846 1014 909 1154 1568 1641 1500 1263 1162 1345 1340 1317 1331 1146 1326 1112 1774 686 265 572 317 457 800 641 688 927 718 773 1017 1393 1191 1065 1423 1304 1696 1948 1826 1717 1833 1764 1792 1731 2096 2231 1722 1952 1877 2036 1748 1463 1951 1717 793 1231 977 1101 278 876 643 598 1726 1119 1165 1433 1157 1346 1037 1476 1630 1494 1388 1505 1562 1504 1482 1659 1746 1794 1877 1917 1697 1621 1697 1783 1623 1651 1651 1688 1607 1769 1702 
0 2379 2240 2240 2834 2612 2232 66666 2888 2551 2751 2753 2378 2289 2650 2609 2697 2577 2404 2441 2246 1967 2160 2406 2171 2174 2169 1998 1931 1774 597 376 349 361 414 0 287 325 224 421 636 459 651 984 1114 1107 764 775 848 866 734 742 760 662 525 1528 426 421 467 429 547 1006 533 222 546 352 299 675 886 809 683 1003 784 1560 1743 1706 1563 1754 1537 1683 1551 1642 1695 1305 1538 1459 1655 1481 956 1522 1265 666 1048 982 1238 376 1029 842 296 1481 938 969 1260 1286 1176 1219 1343 1648 1552 1509 1330 1513 1399 1411 1764 1656 1692 1672 1933 1455 1379 1517 1651 1377 1423 1412 1507 1372 1533 1462 
0 66666 66666 66666 66666 66666 66666 66666 66666 66666 66666 66666 66666 66666 66666 66666 66666 66666 66666 66666 66666 66666 66666 66666 66666 66666 66666 66666 66666 66666 868 661 634 643 701 287 0 84 111 138 329 190 374 744 878 697 483 526 574 591 470 467 514 433 296 1418 671 695 661 687 922 1143 677 155 310 221 273 513 711 566 437 778 599 1461 1597 1596 1457 1641 1279 1553 1451 1486 1551 1129 1277 1370 1209 1120 731 1222 1015 897 1023 1201 1236 648 1136 981 387 1620 1046 981 1404 1280 1277 1222 1336 1738 1515 1686 1421 1620 1501 1527 1867 1830 1837 1659 2063 1403 1329 1539 1850 1226 1566 1441 1402 1254 1388 1433 
0 66666 66666 66666 66666 66666 66666 66666 66666 66666 66666 66666 66666 66666 66666 66666 66666 66666 66666 66666 66666 66666 66666 66666 66666 66666 66666 66666 66666 66666 908 699 672 682 728 325 84 0 195 111 281 274 343 727 859 688 450 507 544 561 449 437 497 425 279 1464 694 730 702 728 986 1164 715 192 288 293 189 469 710 550 422 989 709 1453 1586 1601 1457 1639 1280 1596 1492 1493 1556 1122 1135 1228 1194 1114 844 1214 1012 909 1054 1223 1272 682 1110 1022 428 1382 1079 1005 1463 1314 1461 1248 1512 1765 1546 1667 1612 1795 1664 1558 1707 1837 1873 1678 2070 1423 1350 1473 1785 1245 1554 1396 1425 1278 1411 1456 
0 1820 66666 66666 66666 66666 66666 66666 66666 66666 66666 66666 66666 66666 66666 66666 66666 66666 66666 66666 66666 66666 66666 1878 66666 66666 66666 66666 66666 66666 815 600 573 583 631 224 111 195 0 213 382 236 450 817 952 764 557 599 650 666 539 542 587 496 368 1472 700 640 692 631 739 1167 728 175 382 246 215 586 771 634 503 1037 762 1523 1638 1670 1525 1520 1337 1471 1514 1685 1615 1194 1239 1404 1280 1185 783 1287 1076 877 1027 1220 1355 592 1112 1014 414 66666 1042 1002 1262 1392 1280 1246 1346 1752 1658 1613 1427 1775 1504 1527 1938 1835 1695 1660 1998 1474 1406 1473 1608 1347 1387 1387 1423 1274 1410 1454 
0 1922 66666 66666 66666 66666 66666 66666 66666 66666 66666 66666 66666 66666 66666 66666 66666 66666 66666 66666 66666 66666 66666 1980 66666 66666 66666 66666 66666 66666 1061 790 762 769 846 421 138 111 213 0 242 206 238 618 751 586 346 397 436 452 341 329 388 327 202 1387 675 947 708 804 1063 1196 744 255 211 239 257 418 695 443 319 706 597 1356 1500 1501 1295 1547 1195 1350 1373 1389 1473 1215 1055 1145 1094 1023 657 1256 917 895 1047 1229 1286 875 1099 1226 445 1632 1082 1113 1400 1325 1405 1237 1489 1748 1542 1642 1562 1773 1650 1673 1897 1655 1686 1692 1974 1470 1411 1555 66666 1213 1383 1408 1526 1425 1588 1561 
0 66666 66666 66666 66666 66666 66666 66666 66666 66666 66666 66666 66666 66666 66666 66666 66666 66666 66666 66666 66666 66666 66666 66666 66666 66666 66666 66666 66666 66666 1270 1051 992 1019 1014 636 329 281 382 242 0 172 180 584 765 595 246 375 354 366 288 257 374 347 276 1580 1077 1149 1034 1136 1329 1442 1093 478 265 473 461 529 656 418 308 769 547 1342 1449 1478 1360 1460 1343 1409 1392 1449 1371 1192 1089 1182 1082 1047 720 1332 938 1274 1317 1397 1516 1224 1335 1438 778 1813 1399 1240 1558 1550 1577 1397 1632 1864 1837 1771 1741 1953 1828 1829 2054 2023 2032 1829 2112 1495 1430 1558 2017 1331 1786 1347 1508 1364 1669 1539 
0 2015 66666 66666 66666 66666 66666 66666 66666 66666 66666 66666 66666 66666 66666 66666 66666 66666 66666 66666 66666 66666 66666 2073 66666 66666 66666 66666 66666 66666 1049 835 809 819 909 459 190 274 236 206 172 0 394 768 875 800 409 527 513 521 465 413 527 489 307 1516 862 868 808 862 964 1269 846 336 302 337 274 547 878 585 460 822 739 1483 1507 1624 1417 1521 1432 1470 1491 1597 1600 1332 1218 1309 1321 1383 773 1462 1280 998 1169 1361 1400 819 1277 1162 539 1793 1200 1240 1388 1442 1577 1374 1629 1881 1665 1770 1567 1771 1650 1813 2041 1783 1815 1812 2151 1616 1551 66666 1922 1343 1511 1513 1658 1562 1668 1692 
0 66666 66666 66666 66666 66666 66666 66666 66666 66666 66666 66666 66666 66666 66666 66666 66666 66666 66666 66666 66666 66666 66666 66666 66666 66666 66666 66666 66666 66666 1287 1011 982 1054 1154 651 374 343 450 238 180 394 0 430 606 448 249 222 253 223 208 100 227 276 193 1483 990 1129 954 1176 1331 1493 1089 469 177 415 401 430 573 302 236 763 499 1191 1303 1326 1211 1375 1076 1342 1204 1074 1203 1013 780 1007 905 874 725 1162 791 1048 1129 1324 1502 1077 1307 1257 623 1383 1242 1012 1316 1553 1377 1321 1403 1806 1612 1715 1500 1710 1589 1633 1764 1687 1715 1717 2048 1513 1442 1576 1848 1217 1421 1446 1407 1271 1391 1436 
0 938 914 894 1155 1099 958 1170 1171 1090 1199 1082 904 1001 897 947 999 904 843 1048 665 664 884 957 587 668 626 358 210 126 1543 1454 1409 1416 1568 984 744 727 817 618 584 768 430 0 160 158 462 221 287 275 376 390 230 442 513 1258 1045 1496 1051 1447 1515 1593 1245 789 519 788 864 532 290 244 383 432 294 1004 1055 1131 1026 991 733 1058 792 795 795 621 356 490 543 672 406 538 415 1150 1238 1530 1831 1557 1239 1480 984 1469 1433 1018 1391 1596 1460 1510 1381 1621 1648 1700 1535 1728 1634 1705 1797 1555 1577 1488 1643 1292 1160 1290 1612 1157 1431 1070 1237 1343 1218 1266 
0 809 782 769 965 962 828 1013 1035 953 1068 948 769 872 755 805 833 782 726 926 549 551 756 837 472 546 487 219 134 110 1542 1537 1395 1512 1641 1114 878 859 952 751 765 875 606 160 0 264 491 358 384 376 480 509 370 584 621 1188 1252 1625 1145 1571 1731 1619 1496 916 621 931 891 619 452 412 555 497 421 933 1034 1051 946 1049 712 970 790 543 668 505 292 371 395 573 484 454 393 1253 1300 1446 1812 1732 1468 1620 1116 1453 1420 962 1260 1798 1375 1425 1339 1784 1572 1778 1453 1658 1546 1611 1863 1561 1581 1415 1727 1194 1163 1290 1654 1207 1349 1090 1251 1151 1232 1276 
0 1102 1073 1010 1312 1181 1065 1299 1316 1196 1309 1197 997 1108 1062 1125 1137 1032 927 1143 747 703 1057 1122 658 723 741 449 331 265 1482 1380 1388 1338 1500 1107 697 688 764 586 595 800 448 158 264 0 531 230 418 368 346 387 224 304 477 1122 927 1440 926 1322 1348 1396 1048 783 494 661 729 423 193 268 321 278 158 804 915 1005 812 1009 663 986 712 742 875 462 408 497 574 515 249 527 343 1004 1055 1351 1564 1413 1086 1319 891 1261 1213 822 1289 1499 1297 1335 1311 1443 1482 1635 1354 1578 1453 1538 1727 1410 1433 1350 1613 1060 1018 1149 1369 958 1270 923 1092 1101 1072 1122 
0 1556 1434 1469 1532 1451 1320 1590 1646 1439 1556 1561 1257 1550 1349 1365 1438 1379 1210 1415 1034 1262 1405 1592 955 1189 978 807 522 419 1394 1127 1098 1137 1263 764 483 450 557 346 246 409 249 462 491 531 0 214 111 198 198 177 229 315 304 1535 1100 1301 1083 1290 1459 1600 1186 585 285 516 515 518 543 285 261 677 459 1208 1392 1389 1227 1390 1106 1347 1205 1338 1260 990 876 961 862 1060 633 1088 922 1150 1278 1541 1784 1281 1411 1531 739 1629 1371 1200 1518 66666 1460 1522 1586 1796 1776 1756 1578 1789 1668 1716 1990 1885 1920 1781 1997 1582 1517 1664 1840 1411 1494 1482 1617 1492 1618 1642 
0 1316 1269 1103 1321 1311 1166 1386 1386 1305 1415 1300 1118 1206 1111 1162 1252 1084 1061 1263 881 872 1222 1156 804 881 835 564 410 305 1301 1214 1250 1172 1162 775 526 507 599 397 375 527 222 221 358 230 214 0 221 221 159 158 25 190 357 1315 883 1278 897 1174 1338 1428 1152 580 352 469 646 395 328 249 245 464 253 1009 1106 1194 1024 1200 922 1119 994 860 998 829 561 785 724 693 422 849 573 1223 1042 1287 1337 1260 1143 1422 698 1444 1111 889 1271 1613 1294 1276 1344 1618 1514 1572 1402 1614 1494 1546 1803 1566 1592 1597 1789 1388 1183 1315 1675 1214 1426 1234 1385 1270 1367 1415 
0 1189 1160 1153 1390 1341 1212 1439 1488 1329 1446 1410 1148 1256 1165 1221 1258 1193 1102 1307 927 933 1136 1220 848 929 870 603 412 310 1409 1252 1271 1226 1345 848 574 544 650 436 354 513 253 287 384 418 111 221 0 202 217 181 238 359 358 1486 1191 1401 1135 1284 1605 1606 1292 660 344 579 599 607 559 283 280 759 457 1134 1345 1337 1152 1366 987 1306 1045 921 1052 895 640 724 757 911 669 819 818 1395 1319 1560 1818 1383 1471 1595 798 1771 1481 1158 1495 1694 1519 1538 1537 1743 1823 1806 1616 1861 1716 1784 1947 1888 1936 1714 1949 1520 1463 1596 1821 1385 1591 1449 1573 1649 1587 1594 
0 1185 1156 1144 1373 1332 1203 1417 1478 1405 1435 1389 1137 1248 1164 1221 1238 1181 1089 1295 915 923 1131 1213 835 919 861 596 401 301 1420 1263 1261 1237 1340 866 591 561 666 452 366 521 223 275 376 368 198 221 202 0 210 125 244 384 383 1485 1203 1354 1166 1293 1655 1632 1303 679 370 590 622 638 487 237 278 732 455 1139 1332 1349 1238 1347 987 1266 1046 909 1045 882 629 714 756 960 657 809 792 1436 1331 1608 1844 1395 1484 1608 819 1650 1471 1139 1448 1722 1528 1585 1534 1738 1786 1781 1608 1864 1708 1781 1938 1850 1926 1696 1950 1500 1436 1577 1858 1418 1616 1417 1562 1441 1554 1596 
0 1502 1496 1381 1724 1426 1460 1694 1583 1567 1682 1571 1416 1546 1533 1563 1493 1340 1248 1549 1137 1145 1428 1516 1006 1126 1089 767 520 419 1426 1246 1197 1264 1317 734 470 449 539 341 288 465 208 376 480 346 198 159 217 210 0 165 156 184 341 1458 1062 1292 1043 1054 1337 1468 1041 554 347 422 545 481 443 185 181 554 321 1140 1266 1269 1150 1344 1009 1272 1142 1209 1240 978 780 874 864 842 510 996 797 1204 1100 1463 1622 1236 1284 1428 707 1612 1246 1070 1358 1529 1372 1333 1437 1676 1643 1635 1578 1698 1578 1626 1831 1663 1690 1708 1894 1497 1432 1570 1621 1368 1424 1384 1356 1383 1544 1505 
0 1521 1384 1383 1459 1520 1454 1520 1577 1517 1647 1489 1310 1436 1253 1311 1324 1267 1310 1532 1122 1107 1339 1507 1022 1106 1018 733 543 464 1404 1165 1174 1160 1331 742 467 437 542 329 257 413 100 390 509 387 177 158 181 125 165 0 171 264 268 66666 1042 1245 1029 1266 1408 1558 1130 556 256 478 499 462 485 238 216 617 400 1152 1258 1323 1171 1315 1022 1266 1117 1298 1221 943 829 924 1034 1172 572 1045 726 1294 1251 1485 1711 1188 1374 1518 702 1700 1336 1159 1447 1619 1436 1457 1521 1736 1698 1724 1593 1799 1668 1691 1903 1861 1896 1704 1932 1517 1436 1574 1798 1355 1551 1473 1570 1472 1633 1577 
0 1319 1269 1109 1331 1318 1172 1393 1395 1313 1422 1309 1126 1212 1122 1172 1217 1115 1067 1268 887 876 1233 1160 811 886 843 572 425 321 1313 1197 1255 1152 1146 760 514 497 587 388 374 527 227 230 370 224 229 25 238 244 156 171 0 169 332 1297 865 1368 878 1193 1282 1406 1076 565 322 504 609 380 314 223 219 448 233 1002 1098 1189 1016 1193 928 1130 984 1019 1003 778 563 734 733 695 405 846 567 1176 1021 1266 1316 1272 1121 1343 681 1357 1089 869 1184 1447 1275 1256 1320 1534 1495 1538 1384 1596 1476 1528 1716 1740 1776 1545 1761 1359 1168 1300 1635 1208 1404 1230 1364 66666 1346 1386 
0 1541 1476 1210 1759 1657 1510 1762 1657 1426 1751 1421 1238 1508 1456 1559 1544 1510 1302 1585 1149 1193 1516 1519 1017 1140 961 698 685 529 1480 1379 1407 1432 1326 662 433 425 496 327 347 489 276 442 584 304 315 190 359 384 184 264 169 0 318 1335 913 1192 911 1005 1220 1329 955 480 342 363 511 381 387 229 234 541 250 1054 1198 1270 1130 1311 945 1230 1121 1076 1214 765 756 875 867 972 475 940 748 1060 998 1328 1434 1163 1117 1274 610 1416 1084 893 1203 1426 1294 1191 1308 1548 1532 1489 1449 1672 1536 1559 1748 1806 1828 1583 1788 1364 1312 1441 1692 1230 1442 1182 1332 1202 1355 1380 
0 1497 1452 1479 1577 1552 1505 1592 1648 1553 1665 1559 1369 1555 1365 1414 1550 1491 1326 1516 1144 1120 1437 1568 1072 1133 1079 814 679 576 1212 1033 1029 1008 1112 525 296 279 368 202 276 307 193 513 621 477 304 357 358 383 341 268 332 318 0 1363 730 946 735 878 1150 1251 864 334 149 331 286 277 525 419 317 606 430 1186 1370 1341 1227 1406 1042 1324 1241 1118 1324 875 886 981 983 851 559 1132 799 1057 1097 1236 1243 987 1127 1256 449 1552 1035 891 1181 1275 1219 1213 1264 1662 1462 1568 1348 1555 1435 1475 1618 1547 1576 1611 1955 1260 1193 1322 1660 1078 1267 1133 1288 1152 1275 1316 
0 66666 66666 66666 66666 66666 66666 66666 66666 66666 66666 66666 66666 66666 66666 66666 66666 66666 66666 66666 66666 66666 66666 66666 66666 66666 1315 1153 1218 1257 66666 1605 1591 1557 1774 1528 1418 1464 1472 1387 1580 1516 1483 1258 1188 1122 1535 1315 1486 1485 1458 66666 1297 1335 1363 0 1128 1717 1082 1632 1482 1174 1021 1390 1287 1249 1561 988 1247 1487 1515 1100 1338 451 521 604 552 590 694 617 618 1298 1324 936 1174 1101 1154 870 937 1091 925 984 624 926 1010 1894 870 1198 1206 321 708 503 447 914 580 868 450 656 695 799 528 740 597 680 830 575 584 232 577 124 187 226 478 324 452 252 241 313 291 288 
0 2046 1936 1977 2275 2154 2041 2361 2356 2189 2334 1968 1762 2054 2129 2100 2146 2050 1993 2251 1791 1484 1978 2098 1671 1719 1750 1396 1419 1286 442 398 379 379 686 426 671 694 700 675 1077 862 990 1045 1252 927 1100 883 1191 1203 1062 1042 865 913 730 1128 0 394 84 420 412 517 339 478 773 552 583 554 875 929 1031 1037 814 1264 1443 1409 1216 1411 1315 1376 1299 1720 1817 1345 1590 1482 1581 1275 1007 1541 1254 407 638 608 842 404 608 510 233 1002 624 710 861 896 797 708 922 1240 1161 1126 1051 1126 1016 1025 1368 1272 1304 1352 1525 1067 981 1075 1208 861 918 960 1059 929 1056 1081 
0 2399 2312 2388 2660 2542 2446 2706 2817 2601 2685 2779 2475 2462 2509 2458 2494 2472 2427 2687 2226 2191 2399 2526 2077 2092 2081 1801 1703 1608 274 240 290 211 265 421 695 730 640 947 1149 868 1129 1496 1625 1440 1301 1278 1401 1354 1292 1245 1368 1192 946 1717 394 0 401 324 401 679 603 625 1061 868 677 917 1373 1321 1269 1413 1263 1641 1818 1786 1581 1787 1666 1754 1650 2093 2218 1689 1963 1846 2002 1727 1279 1908 1631 604 932 809 959 126 744 539 569 1582 1005 1044 1304 1010 1201 889 1351 1600 1378 1379 1336 1424 1363 1363 1562 1598 1645 1730 1867 1568 1469 1547 1571 1368 1353 1296 1557 1253 1620 1571 
0 1908 1874 1940 2195 2096 1939 2239 2044 2121 2240 1956 1750 1985 1970 2008 2069 2014 1909 2097 1716 1470 1840 2088 1655 1510 1636 1391 1218 1136 435 421 403 397 572 467 661 702 692 708 1034 808 954 1051 1145 926 1083 897 1135 1166 1043 1029 878 911 735 1082 84 401 0 415 385 472 293 511 834 569 631 529 866 1036 857 1082 811 1209 1376 1281 1182 1352 1298 1258 1215 1480 1844 1192 1586 1473 1511 1139 1052 1528 1271 350 578 549 779 465 513 467 271 945 561 660 803 827 739 636 863 1212 1092 1042 895 1069 959 967 1318 1241 1278 1309 1214 1018 932 1024 1154 818 868 909 1005 875 1002 1027 
0 2661 2399 2398 2667 2697 2503 2662 2691 2214 2777 2648 2410 2449 2408 2495 2642 2580 2222 2536 2094 2088 2260 2645 1942 2151 2171 1716 1678 1514 252 205 206 189 317 429 687 728 631 804 1136 862 1176 1447 1571 1322 1290 1174 1284 1293 1054 1266 1193 1005 878 1632 420 324 415 0 157 509 388 641 1034 688 704 1006 1212 1154 1102 1299 1124 1626 1725 1775 1650 1767 1724 1724 1702 2010 2235 1744 1728 1676 1971 1735 1143 1720 1568 509 927 720 816 340 701 376 607 1408 839 1033 1177 874 1149 754 1203 1304 1176 1127 1357 1286 1186 1177 1377 1612 1639 1691 1661 1537 1451 1528 1585 1382 1381 1348 1406 1281 1420 1399 
0 2680 2415 2415 2939 2685 2503 2778 2783 2656 2795 2651 2503 2451 2535 2606 2636 2590 2333 2516 2097 2116 2343 2662 2130 2324 2151 1896 1793 1625 230 319 322 280 457 547 922 986 739 1063 1329 964 1331 1515 1731 1348 1459 1338 1605 1655 1337 1408 1282 1220 1150 1482 412 401 385 157 0 357 337 784 1182 819 907 821 1225 1133 1285 1283 1095 1477 1519 1518 1468 1596 1603 1555 1459 1929 2121 1615 1775 1710 1980 1434 1295 1759 1489 327 745 573 663 430 524 248 688 1276 659 879 985 722 983 609 1045 1195 1028 956 1142 1137 1041 1028 1230 1378 1415 1517 1290 1194 1112 1332 1241 1054 1184 1218 1229 1152 1313 1266 
0 2479 2191 2267 2594 2597 2466 2651 2604 2599 2630 2540 2344 2241 2370 2479 2497 2405 2157 2407 2022 1844 2174 2548 1906 1921 2125 1724 1755 1674 558 644 643 610 800 1006 1143 1164 1167 1196 1442 1269 1493 1593 1619 1396 1600 1428 1606 1632 1468 1558 1406 1329 1251 1174 517 679 472 509 357 0 396 900 1217 917 1062 963 1176 1354 1365 1122 1172 1316 1386 1537 1315 1561 1438 1515 1422 1834 1955 1466 1571 1562 1870 1462 1109 1584 1314 226 369 253 307 712 111 254 724 798 278 577 605 366 574 283 676 802 672 599 733 786 692 679 869 1022 1056 1118 936 891 813 964 1024 786 729 793 868 728 878 910 
0 2317 2047 2046 1968 2333 2150 2438 2417 2271 2395 2309 2079 2074 2166 1812 2299 2179 1942 2159 1799 1808 2023 2311 1825 1827 1803 1570 1452 1399 482 499 486 455 641 533 677 715 728 744 1093 846 1089 1245 1496 1048 1186 1152 1292 1303 1041 1130 1076 955 864 1021 339 603 293 388 337 396 0 587 793 565 691 585 898 957 951 935 780 1181 1294 1338 1211 1328 1288 1277 1170 1603 1815 1165 1518 1382 1632 1152 872 1386 1133 274 440 563 699 617 382 401 404 950 417 588 691 711 812 588 766 1044 992 961 970 1133 1035 1035 1172 1170 1204 1095 1337 961 880 970 1075 825 869 936 978 857 1027 1020 
0 1795 1692 1679 1866 1873 1722 1876 1926 1901 2011 1838 1715 1751 1655 1703 1823 1779 1683 1878 1491 1471 1611 1834 1439 1455 1408 1096 979 876 824 596 549 576 688 222 155 192 175 255 478 336 469 789 916 783 585 580 660 679 554 556 565 480 334 1390 478 625 511 641 784 900 587 0 359 272 209 510 703 621 502 846 600 1272 1389 1410 1294 1406 1325 1359 1376 1543 1512 1117 1072 1283 1368 1349 800 1310 1068 758 892 1041 1091 597 956 950 246 1452 908 871 1125 1135 1136 1062 1206 1583 1550 1471 1283 1479 1361 1384 1748 1518 1551 1519 1877 1308 1236 1333 1462 1181 1241 1251 1377 1315 1276 1402 
